均值: tensor([21.4684, 20.9255, 20.7705, 20.6578, 20.5311, -2.1243, -2.3738, -2.7422,
        -3.0391, -3.3351, -2.0534, -3.2229, -3.1252, -2.9056, -1.8159,  0.5431,
         0.1548,  0.1130,  0.1263])
标准差: tensor([0.9903, 0.5818, 0.6110, 0.6164, 0.6434, 0.6759, 0.6759, 0.6759, 0.6759,
        0.6759, 0.7275, 0.3790, 0.4720, 0.5170, 0.5869, 0.7597, 0.2337, 0.1863,
        0.2952])

------67W------------------

均值: tensor([20.9822, 20.5111, 20.3487, 20.2235, 20.0923, -2.1290, -2.3785, -2.7470,
        -3.0439, -3.3398, -2.3635, -3.3634, -3.3151, -3.1305, -2.1478,  0.4691,
         0.1642,  0.1257,  0.1308])
标准差: tensor([1.2187, 0.9515, 0.9641, 0.9652, 0.9636, 0.6783, 0.6783, 0.6783, 0.6783,
        0.6783, 0.8244, 0.4466, 0.5557, 0.6140, 0.7735, 0.6593, 0.2383, 0.1920,
        0.2736])

计算完成！
Mean tensor: [20.982173919677734, 20.511133193969727, 20.34868049621582, 20.2235164642334, 20.092313766479492, -2.1290247440338135, -2.3785178661346436, -2.746976137161255, -3.0438859462738037, -3.3398375511169434, -2.363462448120117, -3.363365650177002, -3.3150691986083984, -3.130518913269043, -2.147844076156616, 0.46912017464637756, 0.16420163214206696, 0.12573786079883575, 0.13082106411457062]
Std tensor: [1.2186594009399414, 0.9515360593795776, 0.9641485214233398, 0.9651938080787659, 0.9635542631149292, 0.6783417463302612, 0.6783398985862732, 0.678336501121521, 0.6783321499824524, 0.6783267855644226, 0.8243908286094666, 0.4465520977973938, 0.555670440196991, 0.6139563918113708, 0.7735430598258972, 0.6592602729797363, 0.23825609683990479, 0.19201894104480743, 0.27357223629951477]
